20151101_072507.jpg 20151101 00 27
20151101_075502.jpg 20151101 00 56
20151101_082503.jpg 20151101 01 26
20151101_085511.jpg 20151101 01 57
20151101_092511.jpg 20151101 02 27
20151101_095505.jpg 20151101 02 57
20151101_105513.jpg 20151101 03 57
20151101_112505.jpg 20151101 04 27
20151101_115515.jpg 20151101 04 57
20151101_122510.jpg 20151101 05 27
20151101_125509.jpg 20151101 05 57
20151101_132459.jpg 20151101 06 26
20151101_135513.jpg 20151101 06 57
20151101_142506.jpg 20151101 07 27
20151101_145511.jpg 20151101 07 57
20151101_152512.jpg 20151101 08 27
20151101_155521.jpg 20151101 08 57
20151101_162527.jpg 20151101 09 27
20151101_165511.jpg 20151101 09 57
20151101_172507.jpg 20151101 10 27
20151101_175522.jpg 20151101 10 57
20151101_182513.jpg 20151101 11 27
20151101_185509.jpg 20151101 11 57
20151101_192508.jpg 20151101 12 27
20151101_195515.jpg 20151101 12 57
20151101_202504.jpg 20151101 12 27
20151101_205503.jpg 20151101 12 57
20151101_212503.jpg 20151101 13 26
20151101_215515.jpg 20151101 13 57
20151101_222459.jpg 20151101 14 26
20151101_225508.jpg 20151101 14 57
20151101_232501.jpg 20151101 15 26
20151101_235514.jpg 20151101 15 57
20151102_002516.jpg 20151101 16 27
20151102_005513.jpg 20151101 16 57
20151102_022517.jpg 20151101 18 27
20151102_023617.jpg 20151101 18 38
20151102_025526.jpg 20151101 18 57
20151102_032524.jpg 20151101 19 27
20151102_035502.jpg 20151101 19 56
20151102_042516.jpg 20151101 20 27
20151102_045529.jpg 20151101 20 57
20151102_052501.jpg 20151101 21 26
20151102_055500.jpg 20151101 21 56
20151102_062501.jpg 20151101 22 26
20151102_065512.jpg 20151101 22 57
20151102_072511.jpg 20151101 23 27
20151102_075515.jpg 20151101 23 57
20151108_085531.jpg 20151108 00 58
20151108_092535.jpg 20151108 01 28
20151108_095555.jpg 20151108 01 58
20151108_102558.jpg 20151108 02 28
20151108_105603.jpg 20151108 02 58
20151108_115547.jpg 20151108 03 58
20151108_125508.jpg 20151108 04 58
20151108_132514.jpg 20151108 05 28
20151108_135519.jpg 20151108 05 58
20151108_142543.jpg 20151108 07 28
20151108_145529.jpg 20151108 07 58
20151108_152534.jpg 20151108 07 28
20151108_155514.jpg 20151108 07 58
20151108_162510.jpg 20151108 08 28
20151108_165515.jpg 20151108 08 58
20151108_172534.jpg 20151108 09 28
20151108_175519.jpg 20151108 09 58
20151108_182530.jpg 20151108 10 28
20151108_185545.jpg 20151108 10 58
20151108_192534.jpg 20151108 11 28
20151108_195536.jpg 20151108 11 58
20151108_202542.jpg 20151108 12 28
20151108_205552.jpg 20151108 12 58
20151108_215516.jpg 20151108 13 58
20151108_222515.jpg 20151108 14 28
20151108_225523.jpg 20151108 14 58
20151108_235525.jpg 20151108 15 58
20151109_002533.jpg 20151108 16 28
20151109_005536.jpg 20151108 16 58
20151109_022536.jpg 20151108 18 58
20151109_025529.jpg 20151108 18 58
20151109_032547.jpg 20151108 19 28
20151109_035534.jpg 20151108 19 58
20151109_042553.jpg 20151108 20 28
20151109_045539.jpg 20151108 20 58
20151109_052602.jpg 20151108 21 28
20151109_055545.jpg 20151108 21 58
20151109_062558.jpg 20151108 22 28
20151109_065600.jpg 20151108 22 58
20151109_075517.jpg 20151108 23 57
20151101_220803.jpg 1 00 08
20151101_223815.jpg 1 00 38
20151101_230818.jpg 1 01 08
20151101_233815.jpg 1 01 38
20151102_000817.jpg 1 02 08
20151102_003810.jpg 1 02 38
20151102_010806.jpg 1 03 08
20151102_013807.jpg 1 03 38
20151102_020819.jpg 1 04 08
20151102_023804.jpg 1 04 38
20151102_030811.jpg 1 05 08
20151102_033803.jpg 1 05 38
20151102_040815.jpg 1 06 08
20151102_043818.jpg 1 06 38
20151102_050803.jpg 1 07 08
20151102_053821.jpg 1 07 38
20151102_060808.jpg 1 08 08
20151102_063805.jpg 1 08 38
20151102_070806.jpg 1 09 08
20151102_073815.jpg 1 09 38
20151102_080819.jpg 1 10 08
20151102_083816.jpg 1 10 38
20151102_090819.jpg 1 11 08
20151102_093808.jpg 1 11 38
20151102_100817.jpg 1 12 08
20151102_103817.jpg 1 12 38
20151102_110821.jpg 1 13 08
20151102_113809.jpg 1 13 38
20151102_120822.jpg 1 14 08
20151102_123832.jpg 1 14 38
20151102_130817.jpg 1 15 08
20151102_133810.jpg 1 15 38
20151102_140813.jpg 1 16 08
20151102_143825.jpg 1 16 38
20151102_150812.jpg 1 17 08
20151102_153818.jpg 1 17 38
20151102_160817.jpg 1 18 08
20151102_163816.jpg 1 18 38
20151102_170810.jpg 1 19 08
20151102_173822.jpg 1 19 38
20151102_180819.jpg 1 20 08
20151102_183818.jpg 1 20 38
20151102_190824.jpg 1 21 08
20151102_193808.jpg 1 21 38
20151102_200815.jpg 1 22 08
20151102_203819.jpg 1 22 38
20151102_210806.jpg 1 23 08
20151102_213822.jpg 1 23 38
20151107_220837.jpg 2 00 08
20151107_223857.jpg 2 00 38
20151107_230900.jpg 2 01 08
20151107_233857.jpg 2 01 38
20151108_003816.jpg 2 02 38
20151108_010807.jpg 2 03 08
20151108_013815.jpg 2 03 38
20151108_020819.jpg 2 04 08
20151108_023901.jpg 2 04 38
20151108_030851.jpg 2 05 08
20151108_033852.jpg 2 05 38
20151108_040848.jpg 2 06 08
20151108_043858.jpg 2 06 38
20151108_053812.jpg 2 07 38
20151108_060845.jpg 2 08 08
20151108_070814.jpg 2 09 08
20151108_073827.jpg 2 09 38
20151108_080843.jpg 2 10 08
20151108_083900.jpg 2 10 38
20151108_093815.jpg 2 11 38
20151108_100817.jpg 2 12 08
20151108_103826.jpg 2 12 38
20151108_110835.jpg 2 13 08
20151108_113828.jpg 2 13 38
20151108_120840.jpg 2 14 08
20151108_123849.jpg 2 14 38
20151108_130850.jpg 2 15 08
20151108_133906.jpg 2 15 39
20151108_143823.jpg 2 16 38
20151108_150830.jpg 2 17 08
20151108_153838.jpg 2 17 38
20151108_160847.jpg 2 18 08
20151108_163904.jpg 2 18 39
20151108_173818.jpg 2 19 38
20151108_180823.jpg 2 20 08
20151108_183840.jpg 2 20 38
20151108_190845.jpg 2 21 08
20151108_193848.jpg 2 21 38
20151108_200910.jpg 2 22 09
20151108_203907.jpg 2 22 39
20151108_213809.jpg 2 23 38
20151101_232220.jpg 20151102 00 20
20151101_235215.jpg 20151102 00 50
20151102_002224.jpg 20151102 01 20
20151102_005216.jpg 20151102 01 50
20151102_012227.jpg 20151102 02 20
20151102_015235.jpg 20151102 02 50
20151102_022223.jpg 20151102 03 20
20151102_025227.jpg 20151102 03 50
20151102_032223.jpg 20151102 04 20
20151102_035218.jpg 20151102 04 50
20151102_042222.jpg 20151102 05 20
20151102_045227.jpg 20151102 05 50
20151102_052230.jpg 20151102 06 20
20151102_055231.jpg 20151102 06 50
20151102_062219.jpg 20151102 07 20
20151102_065221.jpg 20151102 07 50
20151102_072213.jpg 20151102 08 20
20151102_075215.jpg 20151102 08 50
20151102_082217.jpg 20151102 09 20
20151102_085224.jpg 20151102 09 50
20151102_092216.jpg 20151102 10 20
20151102_095222.jpg 20151102 10 50
20151102_102218.jpg 20151102 11 20
20151102_105227.jpg 20151102 11 50
20151102_112224.jpg 20151102 12 20
20151102_115227.jpg 20151102 12 50
20151102_122227.jpg 20151102 13 20
20151102_125221.jpg 20151102 13 50
20151102_132217.jpg 20151102 14 20
20151102_135226.jpg 20151102 14 50
20151102_142219.jpg 20151102 15 20
20151102_145223.jpg 20151102 15 50
20151102_152227.jpg 20151102 16 20
20151102_155226.jpg 20151102 16 50
20151102_162216.jpg 20151102 17 20
20151102_165224.jpg 20151102 17 50
20151102_172222.jpg 20151102 18 20
20151102_175223.jpg 20151102 18 50
20151102_182220.jpg 20151102 19 20
20151102_185223.jpg 20151102 19 50
20151102_192221.jpg 20151102 20 20
20151102_195218.jpg 20151102 20 50
20151102_202218.jpg 20151102 21 20
20151102_205227.jpg 20151102 21 50
20151102_212235.jpg 20151102 22 20
20151102_215224.jpg 20151102 22 50
20151102_222225.jpg 20151102 23 20
20151102_225215.jpg 20151102 23 50
20151115_232259.jpg 20151116 00 20
20151116_002304.jpg 20151116 01 20
20151116_012254.jpg 20151116 02 20
20151116_022257.jpg 20151116 03 20
20151116_032330.jpg 20151116 04 20
20151116_042241.jpg 20151116 05 20
20151116_052240.jpg 20151116 06 20
20151116_062319.jpg 20151116 07 20
20151116_072228.jpg 20151116 08 20
20151116_075318.jpg 20151116 08 50
20151116_085312.jpg 20151116 09 50
20151116_095321.jpg 20151116 10 50
20151116_112314.jpg 20151116 12 20
20151116_122252.jpg 20151116 13 20
20151116_132238.jpg 20151116 14 20
20151116_135310.jpg 20151116 14 50
20151116_152317.jpg 20151116 16 20
20151116_155303.jpg 20151116 16 50
20151116_175224.jpg 20151116 18 50
20151116_182233.jpg 20151116 19 20
20151116_185305.jpg 20151116 19 50
20151116_192315.jpg 20151116 20 20
20151116_202223.jpg 20151116 21 20
20151116_205302.jpg 20151116 21 50
20151116_212312.jpg 20151116 22 20
20151116_222232.jpg 20151116 23 20
20151116_225247.jpg 20151116 23 50
20151101_072044.jpg 20151101 00 10
20151101_075045.jpg 20151101 00 45
20151101_082054.jpg 20151101 01 15
20151101_085055.jpg 20151101 01 45
20151101_092045.jpg 20151101 02 15
20151101_095043.jpg 20151101 02 45
20151101_102047.jpg 20151101 03 15
20151101_105100.jpg 20151101 03 45
20151101_112047.jpg 20151101 04 15
20151101_115055.jpg 20151101 04 45
20151101_122053.jpg 20151101 05 15
20151101_125056.jpg 20151101 05 45
20151101_132039.jpg 20151101 06 15
20151101_135052.jpg 20151101 06 45
20151101_142050.jpg 20151101 07 15
20151101_145049.jpg 20151101 07 45
20151101_152050.jpg 20151101 08 15
20151101_155059.jpg 20151101 08 45
20151101_162053.jpg 20151101 09 15
20151101_165048.jpg 20151101 09 45
20151101_172044.jpg 20151101 10 15
20151101_175046.jpg 20151101 10 45
20151101_182052.jpg 20151101 11 15
20151101_185044.jpg 20151101 11 45
20151101_191801.jpg 20151101 12 10
20151101_192053.jpg 20151101 12 15
20151101_195106.jpg 20151101 12 45
20151101_202048.jpg 20151101 13 15
20151101_205109.jpg 20151101 13 45
20151101_212047.jpg 20151101 14 15
20151101_215048.jpg 20151101 14 45
20151101_222053.jpg 20151101 15 15
20151101_225048.jpg 20151101 15 45
20151101_232057.jpg 20151101 16 10
20151101_235039.jpg 20151101 16 45
20151102_002051.jpg 20151101 17 15
20151102_005050.jpg 20151101 17 45
20151102_012049.jpg 20151101 18 15
20151102_015052.jpg 20151101 18 45
20151102_022047.jpg 20151101 19 15
20151102_025054.jpg 20151101 19 45
20151102_032042.jpg 20151101 20 15
20151102_035058.jpg 20151101 20 45
20151102_042051.jpg 20151101 21 15
20151102_045041.jpg 20151101 21 45
20151102_052055.jpg 20151101 22 15
20151102_055050.jpg 20151101 22 45
20151102_062055.jpg 20151101 23 15
20151102_065042.jpg 20151101 23 45
20151102_072051.jpg 20151102 00 15
20151102_075040.jpg 20151102 00 40
20151102_082046.jpg 20151102 01 15
20151102_085044.jpg 20151102 01 45
20151102_092044.jpg 20151102 02 10
20151102_095041.jpg 20151102 02 45
20151102_102059.jpg 20151102 03 15
20151102_105048.jpg 20151102 03 45
20151102_112047.jpg 20151102 04 15
20151102_115049.jpg 20151102 04 45
20151102_122058.jpg 20151102 05 15
20151102_125042.jpg 20151102 05 45
20151102_132102.jpg 20151102 06 15
20151102_135044.jpg 20151102 06 45
20151102_142055.jpg 20151102 07 15
20151102_145051.jpg 20151102 07 45
20151102_152053.jpg 20151102 08 15
20151102_155056.jpg 20151102 08 45
20151102_162049.jpg 20151102 09 15
20151102_165040.jpg 20151102 09 45
20151102_172044.jpg 20151102 10 15
20151102_175048.jpg 20151102 10 45
20151102_182046.jpg 20151102 11 15
20151102_185047.jpg 20151102 11 45
20151102_191757.jpg 20151102 12 10
20151102_192055.jpg 20151102 12 15
20151102_195044.jpg 20151102 12 45
20151102_202057.jpg 20151102 13 15
20151102_205043.jpg 20151102 13 45
20151102_212058.jpg 20151102 14 15
20151102_215100.jpg 20151102 14 45
20151102_222057.jpg 20151102 15 15
20151102_225053.jpg 20151102 15 45
20151102_232047.jpg 20151102 16 15
20151102_235043.jpg 20151102 16 45
20151103_002056.jpg 20151102 17 10
20151103_005048.jpg 20151102 17 45
20151103_012054.jpg 20151102 18 15
20151103_015049.jpg 20151102 18 45
20151103_022050.jpg 20151102 19 15
20151103_025046.jpg 20151102 19 45
20151103_032103.jpg 20151102 20 15
20151103_035044.jpg 20151102 20 45
20151103_042034.jpg 20151102 21 10
20151103_045049.jpg 20151102 21 45
20151103_052049.jpg 20151102 22 15
20151103_055049.jpg 20151102 22 45
20151103_062046.jpg 20151102 23 15
20151103_065056.jpg 20151102 23 45
20151101_231039.jpg 20151102 00 10
20151101_234045.jpg 20151102 00 40
20151102_001048.jpg 20151102 01 10
20151102_004042.jpg 20151102 01 40
20151102_011044.jpg 20151102 02 10
20151102_014032.jpg 20151102 02 40
20151102_021044.jpg 20151102 03 10
20151102_024045.jpg 20151102 03 40
20151102_031039.jpg 20151102 04 10
20151102_034045.jpg 20151102 04 40
20151102_041110.jpg 20151102 05 10
20151102_044056.jpg 20151102 05 40
20151102_051034.jpg 20151102 06 10
20151102_054037.jpg 20151102 06 40
20151102_061038.jpg 20151102 07 10
20151102_064033.jpg 20151102 07 40
20151102_071031.jpg 20151102 08 10
20151102_074045.jpg 20151102 08 40
20151102_081038.jpg 20151102 09 10
20151102_084040.jpg 20151102 09 40
20151102_091037.jpg 20151102 10 10
20151102_094039.jpg 20151102 10 40
20151102_101043.jpg 20151102 11 10
20151102_104038.jpg 20151102 11 40
20151102_111039.jpg 20151102 12 10
20151102_114041.jpg 20151102 12 40
20151102_121045.jpg 20151102 13 10
20151102_124042.jpg 20151102 13 40
20151102_131042.jpg 20151102 14 10
20151102_134035.jpg 20151102 14 40
20151102_141041.jpg 20151102 15 10
20151102_144043.jpg 20151102 15 40
20151102_151034.jpg 20151102 16 10
20151102_154033.jpg 20151102 16 40
20151102_161048.jpg 20151102 17 10
20151102_164029.jpg 20151102 17 40
20151102_171034.jpg 20151102 18 10
20151102_174044.jpg 20151102 18 40
20151102_181045.jpg 20151102 19 10
20151102_184033.jpg 20151102 19 40
20151102_191035.jpg 20151102 20 10
20151102_194036.jpg 20151102 20 40
20151102_201043.jpg 20151102 21 10
20151102_204033.jpg 20151102 21 40
20151102_211038.jpg 20151102 22 10
20151102_214052.jpg 20151102 22 40
20151102_221039.jpg 20151102 23 10
20151102_224045.jpg 20151102 23 40
20151104_231102.jpg 20151105 00 10
20151104_234114.jpg 20151105 00 40
20151105_001113.jpg 20151105 01 10
20151105_004106.jpg 20151105 01 40
20151105_011128.jpg 20151105 02 10
20151105_014052.jpg 20151105 02 40
20151105_021112.jpg 20151105 03 10
20151105_024056.jpg 20151105 03 40
20151105_031031.jpg 20151105 04 10
20151105_034039.jpg 20151105 04 40
20151105_041042.jpg 20151105 05 10
20151105_044117.jpg 20151105 05 40
20151105_051058.jpg 20151105 06 10
20151105_054040.jpg 20151105 06 40
20151105_061058.jpg 20151105 07 10
20151105_064053.jpg 20151105 07 40
20151105_071039.jpg 20151105 08 10
20151105_074053.jpg 20151105 08 40
20151105_081056.jpg 20151105 09 10
20151105_084053.jpg 20151105 09 40
20151105_091042.jpg 20151105 10 10
20151105_094106.jpg 20151105 10 40
20151105_101045.jpg 20151105 11 10
20151105_104103.jpg 20151105 11 40
20151105_111106.jpg 20151105 12 10
20151105_114059.jpg 20151105 12 40
20151105_121040.jpg 20151105 13 10
20151105_124054.jpg 20151105 13 40
20151105_131104.jpg 20151105 14 10
20151105_134103.jpg 20151105 14 40
20151105_141042.jpg 20151105 15 10
20151105_144048.jpg 20151105 15 40
20151105_151042.jpg 20151105 16 10
20151105_154106.jpg 20151105 16 40
20151105_161046.jpg 20151105 17 10
20151105_164102.jpg 20151105 17 40
20151105_171057.jpg 20151105 18 10
20151105_174046.jpg 20151105 18 40
20151105_181042.jpg 20151105 19 10
20151105_184112.jpg 20151105 19 40
20151105_191044.jpg 20151105 20 10
20151105_194055.jpg 20151105 20 40
20151105_201054.jpg 20151105 21 10
20151105_204109.jpg 20151105 21 40
20151105_211113.jpg 20151105 22 10
20151105_214102.jpg 20151105 22 40
20151105_221115.jpg 20151105 23 10